[[10, 11, 6, 7, 8, 9, 16, 17, 12, 13, 14, 15, 4, 5, 0, 1, 2, 3, 22, 23, 18, 19, 20, 21],
[2, 3, 4, 5, 0, 1, 14, 15, 16, 17, 12, 13, 20, 21, 22, 23, 18, 19, 8, 9, 10, 11, 6, 7],
[18, 19, 20, 21, 22, 23, 12, 13, 14, 15, 16, 17, 6, 7, 8, 9, 10, 11, 0, 1, 2, 3, 4, 5],
[6, 7, 8, 9, 10, 11, 0, 1, 2, 3, 4, 5, 18, 19, 20, 21, 22, 23, 12, 13, 14, 15, 16, 17],
[4, 5, 0, 1, 2, 3, 22, 23, 18, 19, 20, 21, 10, 11, 6, 7, 8, 9, 16, 17, 12, 13, 14, 15],
[12, 13, 14, 15, 16, 17, 18, 19, 20, 21, 22, 23, 0, 1, 2, 3, 4, 5, 6, 7, 8, 9, 10, 11],
[11, 10, 9, 8, 7, 6, 17, 16, 15, 14, 13, 12, 23, 22, 21, 20, 19, 18, 5, 4, 3, 2, 1, 0],
[22, 23, 18, 19, 20, 21, 4, 5, 0, 1, 2, 3, 16, 17, 12, 13, 14, 15, 10, 11, 6, 7, 8, 9],
[3, 2, 1, 0, 5, 4, 15, 14, 13, 12, 17, 16, 9, 8, 7, 6, 11, 10, 21, 20, 19, 18, 23, 22],
[8, 9, 10, 11, 6, 7, 20, 21, 22, 23, 18, 19, 14, 15, 16, 17, 12, 13, 2, 3, 4, 5, 0, 1],
[14, 15, 16, 17, 12, 13, 2, 3, 4, 5, 0, 1, 8, 9, 10, 11, 6, 7, 20, 21, 22, 23, 18, 19],
[13, 12, 17, 16, 15, 14, 19, 18, 23, 22, 21, 20, 7, 6, 11, 10, 9, 8, 1, 0, 5, 4, 3, 2],
[19, 18, 23, 22, 21, 20, 13, 12, 17, 16, 15, 14, 1, 0, 5, 4, 3, 2, 7, 6, 11, 10, 9, 8],
[17, 16, 15, 14, 13, 12, 11, 10, 9, 8, 7, 6, 5, 4, 3, 2, 1, 0, 23, 22, 21, 20, 19, 18],
[21, 20, 19, 18, 23, 22, 9, 8, 7, 6, 11, 10, 15, 14, 13, 12, 17, 16, 3, 2, 1, 0, 5, 4],
[16, 17, 12, 13, 14, 15, 10, 11, 6, 7, 8, 9, 22, 23, 18, 19, 20, 21, 4, 5, 0, 1, 2, 3],
[5, 4, 3, 2, 1, 0, 23, 22, 21, 20, 19, 18, 17, 16, 15, 14, 13, 12, 11, 10, 9, 8, 7, 6],
[9, 8, 7, 6, 11, 10, 21, 20, 19, 18, 23, 22, 3, 2, 1, 0, 5, 4, 15, 14, 13, 12, 17, 16],
[7, 6, 11, 10, 9, 8, 1, 0, 5, 4, 3, 2, 13, 12, 17, 16, 15, 14, 19, 18, 23, 22, 21, 20],
[1, 0, 5, 4, 3, 2, 7, 6, 11, 10, 9, 8, 19, 18, 23, 22, 21, 20, 13, 12, 17, 16, 15, 14],
[23, 22, 21, 20, 19, 18, 5, 4, 3, 2, 1, 0, 11, 10, 9, 8, 7, 6, 17, 16, 15, 14, 13, 12],
[15, 14, 13, 12, 17, 16, 3, 2, 1, 0, 5, 4, 21, 20, 19, 18, 23, 22, 9, 8, 7, 6, 11, 10],
[20, 21, 22, 23, 18, 19, 8, 9, 10, 11, 6, 7, 2, 3, 4, 5, 0, 1, 14, 15, 16, 17, 12, 13],
[0, 1, 2, 3, 4, 5, 6, 7, 8, 9, 10, 11, 12, 13, 14, 15, 16, 17, 18, 19, 20, 21, 22, 23]]