[[10, 11, 9, 4, 5, 3, 22, 23, 21, 16, 17, 15, 7, 8, 6, 1, 2, 0, 19, 20, 18, 13, 14, 12],
[15, 16, 17, 12, 13, 14, 21, 22, 23, 18, 19, 20, 3, 4, 5, 0, 1, 2, 9, 10, 11, 6, 7, 8],
[18, 19, 20, 21, 22, 23, 12, 13, 14, 15, 16, 17, 6, 7, 8, 9, 10, 11, 0, 1, 2, 3, 4, 5],
[7, 8, 6, 1, 2, 0, 19, 20, 18, 13, 14, 12, 10, 11, 9, 4, 5, 3, 22, 23, 21, 16, 17, 15],
[23, 21, 22, 11, 9, 10, 20, 18, 19, 8, 6, 7, 17, 15, 16, 5, 3, 4, 14, 12, 13, 2, 0, 1],
[6, 7, 8, 9, 10, 11, 0, 1, 2, 3, 4, 5, 18, 19, 20, 21, 22, 23, 12, 13, 14, 15, 16, 17],
[12, 13, 14, 15, 16, 17, 18, 19, 20, 21, 22, 23, 0, 1, 2, 3, 4, 5, 6, 7, 8, 9, 10, 11],
[9, 10, 11, 6, 7, 8, 3, 4, 5, 0, 1, 2, 21, 22, 23, 18, 19, 20, 15, 16, 17, 12, 13, 14],
[3, 4, 5, 0, 1, 2, 9, 10, 11, 6, 7, 8, 15, 16, 17, 12, 13, 14, 21, 22, 23, 18, 19, 20],
[1, 2, 0, 7, 8, 6, 13, 14, 12, 19, 20, 18, 4, 5, 3, 10, 11, 9, 16, 17, 15, 22, 23, 21],
[19, 20, 18, 13, 14, 12, 7, 8, 6, 1, 2, 0, 22, 23, 21, 16, 17, 15, 10, 11, 9, 4, 5, 3],
[22, 23, 21, 16, 17, 15, 10, 11, 9, 4, 5, 3, 19, 20, 18, 13, 14, 12, 7, 8, 6, 1, 2, 0],
[8, 6, 7, 20, 18, 19, 11, 9, 10, 23, 21, 22, 2, 0, 1, 14, 12, 13, 5, 3, 4, 17, 15, 16],
[2, 0, 1, 14, 12, 13, 5, 3, 4, 17, 15, 16, 8, 6, 7, 20, 18, 19, 11, 9, 10, 23, 21, 22],
[11, 9, 10, 23, 21, 22, 8, 6, 7, 20, 18, 19, 5, 3, 4, 17, 15, 16, 2, 0, 1, 14, 12, 13],
[20, 18, 19, 8, 6, 7, 23, 21, 22, 11, 9, 10, 14, 12, 13, 2, 0, 1, 17, 15, 16, 5, 3, 4],
[5, 3, 4, 17, 15, 16, 2, 0, 1, 14, 12, 13, 11, 9, 10, 23, 21, 22, 8, 6, 7, 20, 18, 19],
[16, 17, 15, 22, 23, 21, 4, 5, 3, 10, 11, 9, 13, 14, 12, 19, 20, 18, 1, 2, 0, 7, 8, 6],
[4, 5, 3, 10, 11, 9, 16, 17, 15, 22, 23, 21, 1, 2, 0, 7, 8, 6, 13, 14, 12, 19, 20, 18],
[14, 12, 13, 2, 0, 1, 17, 15, 16, 5, 3, 4, 20, 18, 19, 8, 6, 7, 23, 21, 22, 11, 9, 10],
[17, 15, 16, 5, 3, 4, 14, 12, 13, 2, 0, 1, 23, 21, 22, 11, 9, 10, 20, 18, 19, 8, 6, 7],
[13, 14, 12, 19, 20, 18, 1, 2, 0, 7, 8, 6, 16, 17, 15, 22, 23, 21, 4, 5, 3, 10, 11, 9],
[0, 1, 2, 3, 4, 5, 6, 7, 8, 9, 10, 11, 12, 13, 14, 15, 16, 17, 18, 19, 20, 21, 22, 23],
[21, 22, 23, 18, 19, 20, 15, 16, 17, 12, 13, 14, 9, 10, 11, 6, 7, 8, 3, 4, 5, 0, 1, 2]]