[[10, 11, 9, 22, 23, 21, 7, 8, 6, 19, 20, 18, 4, 5, 3, 16, 17, 15, 1, 2, 0, 13, 14, 12],
[5, 3, 4, 11, 9, 10, 17, 15, 16, 23, 21, 22, 2, 0, 1, 8, 6, 7, 14, 12, 13, 20, 18, 19],
[15, 16, 17, 12, 13, 14, 21, 22, 23, 18, 19, 20, 3, 4, 5, 0, 1, 2, 9, 10, 11, 6, 7, 8],
[18, 19, 20, 21, 22, 23, 12, 13, 14, 15, 16, 17, 6, 7, 8, 9, 10, 11, 0, 1, 2, 3, 4, 5],
[7, 8, 6, 19, 20, 18, 10, 11, 9, 22, 23, 21, 1, 2, 0, 13, 14, 12, 4, 5, 3, 16, 17, 15],
[6, 7, 8, 9, 10, 11, 0, 1, 2, 3, 4, 5, 18, 19, 20, 21, 22, 23, 12, 13, 14, 15, 16, 17],
[13, 14, 12, 1, 2, 0, 16, 17, 15, 4, 5, 3, 19, 20, 18, 7, 8, 6, 22, 23, 21, 10, 11, 9],
[12, 13, 14, 15, 16, 17, 18, 19, 20, 21, 22, 23, 0, 1, 2, 3, 4, 5, 6, 7, 8, 9, 10, 11],
[16, 17, 15, 4, 5, 3, 13, 14, 12, 1, 2, 0, 22, 23, 21, 10, 11, 9, 19, 20, 18, 7, 8, 6],
[9, 10, 11, 6, 7, 8, 3, 4, 5, 0, 1, 2, 21, 22, 23, 18, 19, 20, 15, 16, 17, 12, 13, 14],
[3, 4, 5, 0, 1, 2, 9, 10, 11, 6, 7, 8, 15, 16, 17, 12, 13, 14, 21, 22, 23, 18, 19, 20],
[4, 5, 3, 16, 17, 15, 1, 2, 0, 13, 14, 12, 10, 11, 9, 22, 23, 21, 7, 8, 6, 19, 20, 18],
[22, 23, 21, 10, 11, 9, 19, 20, 18, 7, 8, 6, 16, 17, 15, 4, 5, 3, 13, 14, 12, 1, 2, 0],
[14, 12, 13, 20, 18, 19, 2, 0, 1, 8, 6, 7, 17, 15, 16, 23, 21, 22, 5, 3, 4, 11, 9, 10],
[1, 2, 0, 13, 14, 12, 4, 5, 3, 16, 17, 15, 7, 8, 6, 19, 20, 18, 10, 11, 9, 22, 23, 21],
[17, 15, 16, 23, 21, 22, 5, 3, 4, 11, 9, 10, 14, 12, 13, 20, 18, 19, 2, 0, 1, 8, 6, 7],
[11, 9, 10, 5, 3, 4, 23, 21, 22, 17, 15, 16, 8, 6, 7, 2, 0, 1, 20, 18, 19, 14, 12, 13],
[19, 20, 18, 7, 8, 6, 22, 23, 21, 10, 11, 9, 13, 14, 12, 1, 2, 0, 16, 17, 15, 4, 5, 3],
[20, 18, 19, 14, 12, 13, 8, 6, 7, 2, 0, 1, 23, 21, 22, 17, 15, 16, 11, 9, 10, 5, 3, 4],
[23, 21, 22, 17, 15, 16, 11, 9, 10, 5, 3, 4, 20, 18, 19, 14, 12, 13, 8, 6, 7, 2, 0, 1],
[0, 1, 2, 3, 4, 5, 6, 7, 8, 9, 10, 11, 12, 13, 14, 15, 16, 17, 18, 19, 20, 21, 22, 23],
[21, 22, 23, 18, 19, 20, 15, 16, 17, 12, 13, 14, 9, 10, 11, 6, 7, 8, 3, 4, 5, 0, 1, 2],
[8, 6, 7, 2, 0, 1, 20, 18, 19, 14, 12, 13, 11, 9, 10, 5, 3, 4, 23, 21, 22, 17, 15, 16],
[2, 0, 1, 8, 6, 7, 14, 12, 13, 20, 18, 19, 5, 3, 4, 11, 9, 10, 17, 15, 16, 23, 21, 22]]