[[5, 4, 3, 11, 10, 9, 2, 1, 0, 8, 7, 6], 
[3, 4, 5, 0, 1, 2, 9, 10, 11, 6, 7, 8], 
[2, 1, 0, 8, 7, 6, 5, 4, 3, 11, 10, 9], 
[1, 0, 2, 10, 9, 11, 7, 6, 8, 4, 3, 5], 
[7, 8, 6, 4, 5, 3, 10, 11, 9, 1, 2, 0], 
[8, 7, 6, 2, 1, 0, 11, 10, 9, 5, 4, 3], 
[11, 9, 10, 5, 3, 4, 2, 0, 1, 8, 6, 7], 
[11, 10, 9, 5, 4, 3, 8, 7, 6, 2, 1, 0], 
[10, 9, 11, 1, 0, 2, 4, 3, 5, 7, 6, 8], 
[0, 2, 1, 3, 5, 4, 9, 11, 10, 6, 8, 7], 
[0, 1, 2, 3, 4, 5, 6, 7, 8, 9, 10, 11], 
[6, 8, 7, 9, 11, 10, 3, 5, 4, 0, 2, 1], 
[3, 5, 4, 0, 2, 1, 6, 8, 7, 9, 11, 10], 
[5, 3, 4, 11, 9, 10, 8, 6, 7, 2, 0, 1], 
[9, 11, 10, 6, 8, 7, 0, 2, 1, 3, 5, 4], 
[2, 0, 1, 8, 6, 7, 11, 9, 10, 5, 3, 4], 
[4, 3, 5, 7, 6, 8, 10, 9, 11, 1, 0, 2], 
[9, 10, 11, 6, 7, 8, 3, 4, 5, 0, 1, 2], 
[8, 6, 7, 2, 0, 1, 5, 3, 4, 11, 9, 10], 
[1, 2, 0, 10, 11, 9, 4, 5, 3, 7, 8, 6], 
[7, 6, 8, 4, 3, 5, 1, 0, 2, 10, 9, 11], 
[6, 7, 8, 9, 10, 11, 0, 1, 2, 3, 4, 5], 
[4, 5, 3, 7, 8, 6, 1, 2, 0, 10, 11, 9], 
[10, 11, 9, 1, 2, 0, 7, 8, 6, 4, 5, 3]]