[[3, 4, 5, 0, 1, 2, 9, 10, 11, 6, 7, 8], 
[7, 8, 6, 4, 5, 3, 10, 11, 9, 1, 2, 0], 
[11, 9, 10, 5, 3, 4, 2, 0, 1, 8, 6, 7], 
[11, 1, 3, 2, 10, 6, 5, 7, 9, 8, 4, 0], 
[0, 1, 2, 3, 4, 5, 6, 7, 8, 9, 10, 11], 
[7, 9, 5, 10, 6, 2, 4, 0, 8, 1, 3, 11], 
[5, 3, 4, 11, 9, 10, 8, 6, 7, 2, 0, 1], 
[2, 10, 6, 11, 1, 3, 8, 4, 0, 5, 7, 9], 
[6, 2, 10, 0, 8, 4, 9, 5, 7, 3, 11, 1], 
[5, 7, 9, 8, 4, 0, 11, 1, 3, 2, 10, 6], 
[2, 0, 1, 8, 6, 7, 11, 9, 10, 5, 3, 4], 
[9, 5, 7, 3, 11, 1, 6, 2, 10, 0, 8, 4], 
[9, 10, 11, 6, 7, 8, 3, 4, 5, 0, 1, 2], 
[8, 6, 7, 2, 0, 1, 5, 3, 4, 11, 9, 10], 
[3, 11, 1, 9, 5, 7, 0, 8, 4, 6, 2, 10], 
[1, 3, 11, 4, 0, 8, 10, 6, 2, 7, 9, 5], 
[1, 2, 0, 10, 11, 9, 4, 5, 3, 7, 8, 6], 
[8, 4, 0, 5, 7, 9, 2, 10, 6, 11, 1, 3], 
[6, 7, 8, 9, 10, 11, 0, 1, 2, 3, 4, 5], 
[10, 6, 2, 7, 9, 5, 1, 3, 11, 4, 0, 8], 
[4, 0, 8, 1, 3, 11, 7, 9, 5, 10, 6, 2], 
[4, 5, 3, 7, 8, 6, 1, 2, 0, 10, 11, 9], 
[0, 8, 4, 6, 2, 10, 3, 11, 1, 9, 5, 7], 
[10, 11, 9, 1, 2, 0, 7, 8, 6, 4, 5, 3]]